   1 C   C1         -0.20000  -28.75000    0.00000    1.000    0.000    1          -
   2 C   C2         -0.20000  -31.75000    0.00000    1.000    0.000    1          -
   3 C   C3          2.38000  -33.25000    0.00000    1.000    0.000    1          -
   4 C   C4          4.98000  -31.75000    0.00000    1.000    0.000    1          -
   5 C   C5          4.98000  -28.75000    0.00000    1.000    0.000    1          -
   6 C   C6          2.38000  -27.25000    0.00000    1.000    0.000    1          -
   7 C   C7          7.58000  -33.25000    0.00000    1.000    0.000    1          -
   8 C   C8         10.18000  -31.75000    0.00000    1.000    0.000    1          -
   9 C   C9         10.18000  -28.75000    0.00000    1.000    0.000    1          -
  10 C   C10         7.58000  -27.25000    0.00000    1.000    0.000    1          -
  11 C   C11        12.78000  -33.25000    0.00000    1.000    0.000    1          -
  12 C   C12        15.38000  -31.75000    0.00000    1.000    0.000    1          -
  13 C   C13        15.38000  -28.75000    0.00000    1.000    0.000    1          -
  14 C   C14        12.78000  -27.25000    0.00000    1.000    0.000    1          -
  15 C   C15        17.97000  -33.25000    0.00000    1.000    0.000    1          -
  16 C   C16        20.57000  -31.75000    0.00000    1.000    0.000    1          -
  17 C   C17        20.57000  -28.75000    0.00000    1.000    0.000    1          -
  18 C   C18        17.97000  -27.25000    0.00000    1.000    0.000    1          -
  19 C   C19        23.17000  -33.25000    0.00000    1.000    0.000    1          -
  20 C   C20        25.77000  -31.75000    0.00000    1.000    0.000    1          -
  21 C   C21        25.77000  -28.75000    0.00000    1.000    0.000    1          -
  22 C   C22        23.17000  -27.25000    0.00000    1.000    0.000    1          -
  23 C   C23        28.37000  -33.25000    0.00000    1.000    0.000    1          -
  24 C   C24        30.96000  -31.75000    0.00000    1.000    0.000    1          -
  25 C   C25        30.96000  -28.75000    0.00000    1.000    0.000    1          -
  26 C   C26        28.37000  -27.25000    0.00000    1.000    0.000    1          -
  27 C   C27        33.56000  -33.25000    0.00000    1.000    0.000    1          -
  28 C   C28        36.16000  -31.75000    0.00000    1.000    0.000    1          -
  29 C   C29        36.16000  -28.75000    0.00000    1.000    0.000    1          -
  30 C   C30        33.56000  -27.25000    0.00000    1.000    0.000    1          -
  31 C   C31         7.58000  -24.25000    0.00000    1.000    0.000    1          -
  32 C   C32         4.98000  -22.75000    0.00000    1.000    0.000    1          -
  33 C   C33         2.38000  -24.25000    0.00000    1.000    0.000    1          -
  34 C   C34        12.78000  -24.25000    0.00000    1.000    0.000    1          -
  35 C   C35        10.18000  -22.75000    0.00000    1.000    0.000    1          -
  36 C   C36        17.97000  -24.25000    0.00000    1.000    0.000    1          -
  37 C   C37        15.38000  -22.75000    0.00000    1.000    0.000    1          -
  38 C   C38        23.17000  -24.25000    0.00000    1.000    0.000    1          -
  39 C   C39        20.57000  -22.75000    0.00000    1.000    0.000    1          -
  40 C   C40        28.37000  -24.25000    0.00000    1.000    0.000    1          -
  41 C   C41        25.77000  -22.75000    0.00000    1.000    0.000    1          -
  42 C   C42        33.56000  -24.25000    0.00000    1.000    0.000    1          -
  43 C   C43        30.96000  -22.75000    0.00000    1.000    0.000    1          -
  44 C   C44        10.18000  -19.75000    0.00000    1.000    0.000    1          -
  45 C   C45         7.58000  -18.25000    0.00000    1.000    0.000    1          -
  46 C   C46         4.98000  -19.75000    0.00000    1.000    0.000    1          -
  47 C   C47        15.38000  -19.75000    0.00000    1.000    0.000    1          -
  48 C   C48        12.78000  -18.25000    0.00000    1.000    0.000    1          -
  49 C   C49        20.57000  -19.75000    0.00000    1.000    0.000    1          -
  50 C   C50        17.97000  -18.25000    0.00000    1.000    0.000    1          -
  51 C   C51        25.77000  -19.75000    0.00000    1.000    0.000    1          -
  52 C   C52        23.17000  -18.25000    0.00000    1.000    0.000    1          -
  53 C   C53        30.96000  -19.75000    0.00000    1.000    0.000    1          -
  54 C   C54        28.37000  -18.25000    0.00000    1.000    0.000    1          -
  55 C   C55        12.78000  -15.25000    0.00000    1.000    0.000    1          -
  56 C   C56        10.18000  -13.75000    0.00000    1.000    0.000    1          -
  57 C   C57         7.58000  -15.25000    0.00000    1.000    0.000    1          -
  58 C   C58        17.97000  -15.25000    0.00000    1.000    0.000    1          -
  59 C   C59        15.38000  -13.75000    0.00000    1.000    0.000    1          -
  60 C   C60        23.17000  -15.25000    0.00000    1.000    0.000    1          -
  61 C   C61        20.57000  -13.75000    0.00000    1.000    0.000    1          -
  62 C   C62        28.37000  -15.25000    0.00000    1.000    0.000    1          -
  63 C   C63        25.77000  -13.75000    0.00000    1.000    0.000    1          -
  64 C   C64        15.38000  -10.75000    0.00000    1.000    0.000    1          -
  65 C   C65        12.78000   -9.25000    0.00000    1.000    0.000    1          -
  66 C   C66        10.18000  -10.75000    0.00000    1.000    0.000    1          -
  67 C   C67        20.57000  -10.75000    0.00000    1.000    0.000    1          -
  68 C   C68        17.97000   -9.25000    0.00000    1.000    0.000    1          -
  69 C   C69        25.77000  -10.75000    0.00000    1.000    0.000    1          -
  70 C   C70        23.17000   -9.25000    0.00000    1.000    0.000    1          -
  71 C   C71        17.97000   -6.25000    0.00000    1.000    0.000    1          -
  72 C   C72        15.38000   -4.75000    0.00000    1.000    0.000    1          -
  73 C   C73        12.78000   -6.25000    0.00000    1.000    0.000    1          -
  74 C   C74        23.17000   -6.25000    0.00000    1.000    0.000    1          -
  75 C   C75        20.57000   -4.75000    0.00000    1.000    0.000    1          -